6608
6619
6622
6684
6686
6751
6752
6781
6783
6794
6800
6810
6816
6830
6832
6863
6912
6989
6992
7039
7040
7156
7164
7224
7227
7242
7245
7305
7312
7355
7357
7368
7376
7419
7424
7958
7960
7966
7968
8006
8008
8014
8016
8024
8025
8026
8027
8028
8029
8030
8031
8062
8064
8117
8118
8133
8134
8148
8150
8156
8157
8176
8178
8181
8182
8191
8192
8293
8294
8306
8308
8335
8336
8349
8352
8385
8400
8433
8448
8588
8592
9255
9280
9291
9312
11124
11126
11158
11159
11508
11513
11558
11559
11560
11565
11566
11568
11624
11631
11633
11647
11671
11680
11687
11688
11695
11696
11703
11704
11711
11712
11719
11720
11727
11728
11735
11736
11743
11744
11870
11904
11930
11931
12020
12032
12246
12272
12284
12288
12352
12353
12439
12441
12544
12549
12592
12593
12687
12688
12772
12784
12831
12832
42125
42128
42183
42192
42540
42560
42744
42752
42955
42960
42962
42963
42964
42965
42970
42994
43053
43056
43066
43072
43128
43136
43206
43214
43226
43232
43348
43359
43389
43392
43470
43471
43482
43486
43519
43520
43575
43584
43598
43600
43610
43612
43715
43739
43767
43777
43783
43785
43791
43793
43799
43808
43815
43816
43823
43824
43884
43888
44014
44016
44026
44032
55204
55216
55239
55243
55292
55296
64110
64112
64218
64256
64263
64275
64280
64285
64311
64312
64317
64318
64319
64320
64322
64323
64325
64326
64451
64467
64912
64914
64968
64975
65050
65056
65107
65108
65127
65128
65132
65136
65141
65142
65277
65279
65280
65281
65471
65474
65480
65482
65488
65490
65496
65498
65501
65504
65511
65512
65519
65529
65548
65549
65575
65576
65595
65596
65598
65599
65614
65616
65630
65664
65787
65792
65795
65799
65844
65847
65935
65936
65949
65952
65953
66000
66046
66176
66205
66208
66257
66272
66300
66304
66340
66349
66379
66384
66427
66432
66462
66463
66500
66504
66518
66560
66718
66720
66730
66736
66772
66776
66812
66816
66856
66864
66916
66927
66939
66940
66955
66956
66963
66964
66966
66967
66978
66979
66994
66995
67002
67003
67005
67072
67383
67392
67414
67424
67432
67456
67462
67463
67505
67506
67515
67584
67590
67592
67593
67594
67638
67639
67641
67644
67645
67647
67670
67671
67743
67751
67760
67808
67827
67828
67830
67835
67868
67871
67898
67903
67904
67968
68024
68028
68048
68050
68100
68101
68103
68108
68116
68117
68120
68121
68150
68152
68155
68159
68169
68176
68185
68192
68256
68288
68327
68331
68343
68352
68406
68409
68438
68440
68467
68472
68498
68505
68509
68521
68528
68608
68681
68736
68787
68800
68851
68858
68904
68912
68922
69216
69247
69248
69290
69291
69294
69296
69298
69376
69416
69424
69466
69488
69514
69552
69580
69600
69623
69632
69710
69714
69750
69759
69827
69837
69838
69840
69865
69872
69882
69888
69941
69942
69960
69968
70007
70016
70112
70113
70133
70144
70162
70163
70207
70272
70279
70280
70281
70282
70286
70287
70302
70303
70314
70320
70379
70384
70394
70400
70404
70405
70413
70415
70417
70419
70441
70442
70449
70450
70452
70453
70458
70459
70469
70471
70473
70475
70478
70480
70481
70487
70488
70493
70500
70502
70509
70512
70517
70656
70748
70749
70754
70784
70856
70864
70874
71040
71094
71096
71134
71168
71237
71248
71258
71264
71277
71296
71354
71360
71370
71424
71451
71453
71468
71472
71495
71680
71740
71840
71923
71935
71943
71945
71946
71948
71956
71957
71959
71960
71990
71991
71993
71995
72007
72016
72026
72096
72104
72106
72152
72154
72165
72192
72264
72272
72355
72368
72441
72704
72713
72714
72759
72760
72774
72784
72813
72816
72848
72850
72872
72873
72887
72960
72967
72968
72970
72971
73015
73018
73019
73020
73022
73023
73032
73040
73050
73056
73062
73063
73065
73066
73103
73104
73106
73107
73113
73120
73130
73440
73465
73648
73649
73664
73714
73727
74650
74752
74863
74864
74869
74880
75076
77712
77811
77824
78895
78896
78905
82944
83527
92160
92729
92736
92767
92768
92778
92782
92863
92864
92874
92880
92910
92912
92918
92928
92998
93008
93018
93019
93026
93027
93048
93053
93072
93760
93851
93952
94027
94031
94088
94095
94112
94176
94181
94192
94194
94208
100344
100352
101590
101632
101641
110576
110580
110581
110588
110589
110591
110592
110883
110928
110931
110948
110952
110960
111356
113664
113771
113776
113789
113792
113801
113808
113818
113820
113828
118528
118574
118576
118599
118608
118724
118784
119030
119040
119079
119081
119275
119296
119366
119520
119540
119552
119639
119648
119673
119808
119893
119894
119965
119966
119968
119970
119971
119973
119975
119977
119981
119982
119994
119995
119996
119997
120004
120005
120070
120071
120075
120077
120085
120086
120093
120094
120122
120123
120127
120128
120133
120134
120135
120138
120145
120146
120486
120488
120780
120782
121484
121499
121504
121505
121520
122624
122655
122880
122887
122888
122905
122907
122914
122915
122917
122918
122923
123136
123181
123184
123198
123200
123210
123214
123216
123536
123567
123584
123642
123647
123648
124896
124903
124904
124908
124909
124911
124912
124927
124928
125125
125127
125143
125184
125260
125264
125274
125278
125280
126065
126133
126209
126270
126464
126468
126469
126496
126497
126499
126500
126501
126503
126504
126505
126515
126516
126520
126521
126522
126523
126524
126530
126531
126535
126536
126537
126538
126539
126540
126541
126544
126545
126547
126548
126549
126551
126552
126553
126554
126555
126556
126557
126558
126559
126560
126561
126563
126564
126565
126567
126571
126572
126579
126580
126584
126585
126589
126590
126591
126592
126602
126603
126620
126625
126628
126629
126634
126635
126652
126704
126706
126976
127020
127024
127124
127136
127151
127153
127168
127169
127184
127185
127222
127232
127406
127462
127491
127504
127548
127552
127561
127568
127570
127584
127590
127744
128728
128733
128749
128752
128765
128768
128884
128896
128985
128992
129004
129008
129009
129024
129036
129040
129096
129104
129114
129120
129160
129168
129198
129200
129202
129280
129620
129632
129646
129648
129653
129656
129661
129664
129671
129680
129709
129712
129723
129728
129734
129744
129754
129760
129768
129776
129783
129792
129939
129940
129995
130032
130042
131070
173792
173824
177977
177984
178206
178208
183970
183984
191457
194560
195102
196606
201547
262142
262144
327678
327680
393214
393216
458750
458752
524286
524288
589822
589824
655358
655360
720894
720896
786430
786432
851966
851968
917502
917504
917505
917506
917536
917632
917760
918000
983038
1114112
