4888
4955
4957
4960
4992
5008
5024
5110
5112
5118
5121
5741
5743
5760
5761
5787
5792
5867
5870
5881
5888
5910
5919
5941
5952
5972
5984
5997
5998
6001
6002
6004
6016
6100
6103
6104
6108
6110
6112
6122
6155
6158
6159
6170
6176
6265
6272
6315
6320
6390
6400
6431
6432
6444
6448
6460
6470
6510
6512
6517
6528
6572
6576
6602
6608
6618
6656
6684
6688
6751
6752
6781
6783
6794
6800
6810
6823
6824
6832
6846
6847
6863
6912
6989
6992
7002
7019
7028
7040
7156
7168
7224
7232
7242
7245
7294
7296
7305
7312
7355
7357
7360
7376
7379
7380
7419
7424
7958
7960
7966
7968
8006
8008
8014
8016
8024
8025
8026
8027
8028
8029
8030
8031
8062
8064
8117
8118
8125
8126
8127
8130
8133
8134
8141
8144
8148
8150
8156
8160
8173
8178
8181
8182
8189
8255
8257
8276
8277
8305
8306
8319
8320
8336
8349
8400
8413
8417
8418
8421
8433
8450
8451
8455
8456
8458
8468
8469
8470
8473
8478
8484
8485
8486
8487
8488
8489
8490
8494
8495
8506
8508
8512
8517
8522
8526
8527
8544
8585
11264
11493
11499
11508
11520
11558
11559
11560
11565
11566
11568
11624
11631
11632
11647
11671
11680
11687
11688
11695
11696
11703
11704
11711
11712
11719
11720
11727
11728
11735
11736
11743
11744
11776
12293
12296
12321
12336
12337
12342
12344
12349
12353
12439
12441
12443
12445
12448
12449
12539
12540
12544
12549
12592
12593
12687
12704
12736
12784
12800
13312
19904
19968
42125
42192
42238
42240
42509
42512
42540
42560
42608
42612
42622
42623
42738
42775
42784
42786
42889
42891
42955
42960
42962
42963
42964
42965
42970
42994
43048
43052
43053
43072
43124
43136
43206
43216
43226
43232
43256
43259
43260
43261
43310
43312
43348
43360
43389
43392
43457
43471
43482
43488
43519
43520
43575
43584
43598
43600
43610
43616
43639
43642
43715
43739
43742
43744
43760
43762
43767
43777
43783
43785
43791
43793
43799
43808
43815
43816
43823
43824
43867
43868
43882
43888
44011
44012
44014
44016
44026
44032
55204
55216
55239
55243
55292
63744
64110
64112
64218
64256
64263
64275
64280
64285
64297
64298
64311
64312
64317
64318
64319
64320
64322
64323
64325
64326
64434
64467
64606
64612
64830
64848
64912
64914
64968
65008
65018
65024
65040
65056
65072
65075
65077
65101
65104
65137
65138
65139
65140
65143
65144
65145
65146
65147
65148
65149
65150
65151
65277
65296
65306
65313
65339
65343
65344
65345
65371
65382
65471
65474
65480
65482
65488
65490
65496
65498
65501
65536
65548
65549
65575
65576
65595
65596
65598
65599
65614
65616
65630
65664
65787
65856
65909
66045
66046
66176
66205
66208
66257
66272
66273
66304
66336
66349
66379
66384
66427
66432
66462
66464
66500
66504
66512
66513
66518
66560
66718
66720
66730
66736
66772
66776
66812
66816
66856
66864
66916
66928
66939
66940
66955
66956
66963
66964
66966
66967
66978
66979
66994
66995
67002
67003
67005
67072
67383
67392
67414
67424
67432
67456
67462
67463
67505
67506
67515
67584
67590
67592
67593
67594
67638
67639
67641
67644
67645
67647
67670
67680
67703
67712
67743
67808
67827
67828
67830
67840
67862
67872
67898
67968
68024
68030
68032
68096
68100
68101
68103
68108
68116
68117
68120
68121
68150
68152
68155
68159
68160
68192
68221
68224
68253
68288
68296
68297
68327
68352
68406
68416
68438
68448
68467
68480
68498
68608
68681
68736
68787
68800
68851
68864
68904
68912
68922
69248
69290
69291
69293
69296
69298
69376
69405
69415
69416
69424
69457
69488
69510
69552
69573
69600
69623
69632
69703
69734
69750
69759
69819
69826
69827
69840
69865
69872
69882
69888
69941
69942
69952
69956
69960
69968
70004
70006
70007
70016
70085
70089
70093
70094
70107
70108
70109
70144
70162
70163
70200
70206
70207
70272
70279
70280
70281
70282
70286
70287
70302
70303
70313
70320
70379
70384
70394
70400
70404
70405
70413
70415
70417
70419
70441
70442
70449
70450
70452
70453
70458
70459
70469
70471
70473
70475
70478
70480
70481
70487
70488
70493
70500
70502
70509
70512
70517
70656
70731
70736
70746
70750
70754
70784
70854
70855
70856
70864
70874
71040
71094
71096
71105
71128
71134
71168
71233
71236
71237
71248
71258
71296
71353
71360
71370
71424
71451
71453
71468
71472
71482
71488
71495
71680
71739
71840
71914
71935
71943
71945
71946
71948
71956
71957
71959
71960
71990
71991
71993
71995
72004
72016
72026
72096
72104
72106
72152
72154
72162
72163
72165
72192
72255
72263
72264
72272
72346
72349
72350
72368
72441
72704
72713
72714
72759
72760
72769
72784
72794
72818
72848
72850
72872
72873
72887
72960
72967
72968
72970
72971
73015
73018
73019
73020
73022
73023
73032
73040
73050
73056
73062
73063
73065
73066
73103
73104
73106
73107
73113
73120
73130
73440
73463
73648
73649
73728
74650
74752
74863
74880
75076
77712
77809
77824
78895
82944
83527
92160
92729
92736
92767
92768
92778
92784
92863
92864
92874
92880
92910
92912
92917
92928
92983
92992
92996
93008
93018
93027
93048
93053
93072
93760
93824
93952
94027
94031
94088
94095
94112
94176
94178
94179
94181
94192
94194
94208
100344
100352
101590
101632
101641
110576
110580
110581
110588
110589
110591
110592
110883
110928
110931
110948
110952
110960
111356
113664
113771
113776
113789
113792
113801
113808
113818
113821
113823
118528
118574
118576
118599
119141
119146
119149
119155
119163
119171
119173
119180
119210
119214
119362
119365
119808
119893
119894
119965
119966
119968
119970
119971
119973
119975
119977
119981
119982
119994
119995
119996
119997
120004
120005
120070
120071
120075
120077
120085
120086
120093
120094
120122
120123
120127
120128
120133
120134
120135
120138
120145
120146
120486
120488
120513
120514
120539
120540
120571
120572
120597
120598
120629
120630
120655
120656
120687
120688
120713
120714
120745
120746
120771
120772
120780
120782
120832
121344
121399
121403
121453
121461
121462
121476
121477
121499
121504
121505
121520
122624
122655
122880
122887
122888
122905
122907
122914
122915
122917
122918
122923
123136
123181
123184
123198
123200
123210
123214
123215
123536
123567
123584
123642
124896
124903
124904
124908
124909
124911
124912
124927
124928
125125
125136
125143
125184
125260
125264
125274
126464
126468
126469
126496
126497
126499
126500
126501
126503
126504
126505
126515
