
# !!!!!!!   INTERNAL PERL USE ONLY   !!!!!!!
# This file is for internal use by core Perl only.  The format and even the
# name or existence of this file are subject to change without notice.  Don't
# use it directly.  Use Unicode::UCD to access the Unicode character data
# base.


return <<'END';
V1676
65
91
160
161
168
169
170
171
173
174
175
176
178
182
184
187
188
191
192
215
216
224
256
257
258
259
260
261
262
263
264
265
266
267
268
269
270
271
272
273
274
275
276
277
278
279
280
281
282
283
284
285
286
287
288
289
290
291
292
293
294
295
296
297
298
299
300
301
302
303
304
305
306
309
310
311
313
314
315
316
317
318
319
322
323
324
325
326
327
328
329
331
332
333
334
335
336
337
338
339
340
341
342
343
344
345
346
347
348
349
350
351
352
353
354
355
356
357
358
359
360
361
362
363
364
365
366
367
368
369
370
371
372
373
374
375
376
378
379
380
381
382
383
384
385
387
388
389
390
392
393
396
398
402
403
405
406
409
412
414
415
417
418
419
420
421
422
424
425
426
428
429
430
432
433
436
437
438
439
441
444
445
452
462
463
464
465
466
467
468
469
470
471
472
473
474
475
476
478
479
480
481
482
483
484
485
486
487
488
489
490
491
492
493
494
495
497
501
502
505
506
507
508
509
510
511
512
513
514
515
516
517
518
519
520
521
522
523
524
525
526
527
528
529
530
531
532
533
534
535
536
537
538
539
540
541
542
543
544
545
546
547
548
549
550
551
552
553
554
555
556
557
558
559
560
561
562
563
570
572
573
575
577
578
579
583
584
585
586
587
588
589
590
591
688
697
728
734
736
741
832
834
835
838
847
848
880
881
882
883
884
885
886
887
890
891
894
896
900
907
908
909
910
912
913
930
931
940
962
963
975
983
984
985
986
987
988
989
990
991
992
993
994
995
996
997
998
999
1000
1001
1002
1003
1004
1005
1006
1007
1008
1011
1012
1014
1015
1016
1017
1019
1021
1072
1120
1121
1122
1123
1124
1125
1126
1127
1128
1129
1130
1131
1132
1133
1134
1135
1136
1137
1138
1139
1140
1141
1142
1143
1144
1145
1146
1147
1148
1149
1150
1151
1152
1153
1162
1163
1164
1165
1166
1167
1168
1169
1170
1171
1172
1173
1174
1175
1176
1177
1178
1179
1180
1181
1182
1183
1184
1185
1186
1187
1188
1189
1190
1191
1192
1193
1194
1195
1196
1197
1198
1199
1200
1201
1202
1203
1204
1205
1206
1207
1208
1209
1210
1211
1212
1213
1214
1215
1216
1218
1219
1220
1221
1222
1223
1224
1225
1226
1227
1228
1229
1230
1232
1233
1234
1235
1236
1237
1238
1239
1240
1241
1242
1243
1244
1245
1246
1247
1248
1249
1250
1251
1252
1253
1254
1255
1256
1257
1258
1259
1260
1261
1262
1263
1264
1265
1266
1267
1268
1269
1270
1271
1272
1273
1274
1275
1276
1277
1278
1279
1280
1281
1282
1283
1284
1285
1286
1287
1288
1289
1290
1291
1292
1293
1294
1295
1296
1297
1298
1299
1300
1301
1302
1303
1304
1305
1306
1307
1308
1309
1310
1311
1312
1313
1314
1315
1316
1317
1318
1319
1320
1321
1322
1323
1324
1325
1326
1327
1329
1367
1415
1416
1564
1565
1653
1657
2392
2400
2524
2526
2527
2528
2611
2612
2614
2615
2649
2652
2654
2655
2908
2910
3635
3636
3763
3764
3804
3806
3852
3853
3907
3908
3917
3918
3922
3923
3927
3928
3932
3933
3945
3946
3955
3956
3957
3962
3969
3970
3987
3988
3997
3998
4002
4003
4007
4008
4012
4013
4025
4026
4256
4294
4295
4296
4301
4302
4348
4349
4447
4449
5112
5118
6068
6070
6155
6160
7296
7305
7312
7355
7357
7360
7468
7471
7472
7483
7484
7502
7503
7531
7544
7545
7579
7616
7680
7681
7682
7683
7684
7685
7686
7687
7688
7689
7690
7691
7692
7693
7694
7695
7696
7697
7698
7699
7700
7701
7702
7703
7704
7705
7706
7707
7708
7709
7710
7711
7712
7713
7714
7715
7716
7717
7718
7719
7720
7721
7722
7723
7724
7725
7726
7727
7728
7729
7730
7731
7732
7733
7734
7735
7736
7737
7738
7739
7740
7741
7742
7743
7744
7745
7746
7747
7748
7749
7750
7751
7752
7753
7754
7755
7756
7757
7758
7759
7760
7761
7762
7763
7764
7765
7766
7767
7768
7769
7770
7771
7772
7773
7774
7775
7776
7777
7778
7779
7780
7781
7782
7783
7784
7785
7786
7787
7788
7789
7790
7791
7792
7793
7794
7795
7796
7797
7798
7799
7800
7801
7802
7803
7804
7805
7806
7807
7808
7809
7810
7811
7812
7813
7814
7815
7816
7817
7818
7819
7820
7821
7822
7823
7824
7825
7826
7827
7828
7829
7834
7836
7838
7839
7840
7841
7842
7843
7844
7845
7846
7847
7848
7849
7850
7851
7852
7853
7854
7855
7856
7857
7858
7859
7860
7861
7862
7863
7864
7865
7866
7867
7868
7869
7870
7871
7872
7873
7874
7875
7876
7877
7878
7879
7880
7881
7882
7883
7884
7885
7886
7887
7888
7889
7890
7891
7892
7893
7894
7895
7896
7897
7898
7899
7900
7901
7902
7903
7904
7905
7906
7907
7908
7909
7910
7911
7912
7913
7914
7915
7916
7917
7918
7919
7920
7921
7922
7923
7924
7925
7926
7927
7928
7929
7930
7931
7932
7933
7934
7935
7944
7952
7960
7966
7976
7984
7992
8000
8008
8014
8025
8026
8027
8028
8029
8030
8031
8032
8040
8048
8049
8050
8051
8052
8053
8054
8055
8056
8057
8058
8059
8060
8061
8062
8064
8112
8114
8117
8119
8133
8135
8144
8147
8148
8152
8156
8157
8160
8163
8164
8168
8176
8178
8181
8183
8191
8192
8208
8209
8210
8215
8216
8228
8231
8234
8240
8243
8245
8246
8248
8252
8253
8254
8255
8263
8266
8279
8280
8287
8306
