1648
1649
1750
1758
1759
1765
1767
1769
1770
1774
1806
1808
1809
1810
1840
1869
1958
1969
1970
1984
2027
2036
2043
2046
2070
2074
2075
2084
2085
2088
2089
2096
2111
2112
2137
2142
2143
2144
2155
2160
2191
2208
2250
2307
2362
2363
2364
2365
2369
2377
2381
2382
2385
2392
2402
2404
2433
2434
2436
2437
2445
2447
2449
2451
2473
2474
2481
2482
2483
2486
2490
2493
2494
2495
2497
2503
2505
2507
2509
2510
2511
2524
2526
2527
2530
2534
2558
2563
2564
2565
2571
2575
2577
2579
2601
2602
2609
2610
2612
2613
2615
2616
2618
2622
2625
2649
2653
2654
2655
2662
2672
2674
2677
2678
2679
2691
2692
2693
2702
2703
2706
2707
2729
2730
2737
2738
2740
2741
2746
2749
2753
2761
2762
2763
2765
2768
2769
2784
2786
2790
2802
2809
2810
2818
2820
2821
2829
2831
2833
2835
2857
2858
2865
2866
2868
2869
2874
2877
2878
2880
2881
2887
2889
2891
2893
2908
2910
2911
2914
2918
2936
2947
2948
2949
2955
2958
2961
2962
2966
2969
2971
2972
2973
2974
2976
2979
2981
2984
2987
2990
3002
3007
3008
3009
3011
3014
3017
3018
3021
3024
3025
3046
3067
3073
3076
3077
3085
3086
3089
3090
3113
3114
3130
3133
3134
3137
3141
3160
3163
3165
3166
3168
3170
3174
3184
3191
3201
3202
3213
3214
3217
3218
3241
3242
3252
3253
3258
3261
3263
3264
3266
3267
3269
3271
3273
3274
3276
3293
3295
3296
3298
3302
3312
3313
3315
3330
3341
3342
3345
3346
3387
3389
3390
3391
3393
3398
3401
3402
3405
3406
3408
3412
3415
3416
3426
3430
3456
3458
3460
3461
3479
3482
3506
3507
3516
3517
3518
3520
3527
3536
3538
3544
3551
3558
3568
3570
3573
3585
3633
3634
3636
3647
3655
3663
3676
3713
3715
3716
3717
3718
3723
3724
3748
3749
3750
3751
3761
3762
3764
3773
3774
3776
3781
3782
3783
3792
3802
3804
3808
3840
3864
3866
3893
3894
3895
3896
3897
3898
3912
3913
3949
3967
3968
3973
3974
3976
3981
4030
4038
4039
4045
4046
4059
4096
4141
4145
4146
4152
4153
4155
4157
4159
4184
4186
4190
4193
4209
4213
4226
4227
4229
4231
4237
4238
4253
4254
4294
4295
4296
4301
4302
4304
4681
4682
4686
4688
4695
4696
4697
4698
4702
4704
4745
4746
4750
4752
4785
4786
4790
4792
4799
4800
4801
4802
4806
4808
4823
4824
4881
4882
4886
4888
4955
4960
4989
4992
5018
5024
5110
5112
5118
5120
5789
5792
5881
5888
5906
5909
5910
5919
5938
5940
5943
5952
5970
5984
5997
5998
6001
6016
6068
6070
6071
6078
6086
6087
6089
6100
6109
6112
6122
6128
6138
6144
6155
6160
6170
6176
6265
6272
6277
6279
6313
6314
6315
6320
6390
6400
6431
6435
6439
6441
6444
6448
6450
6451
6457
6464
6465
6468
6510
6512
6517
6528
6572
6576
6602
6608
6619
6622
6679
6681
6683
6686
6742
6743
6744
6753
6754
6755
6757
6765
6771
6784
6794
6800
6810
6816
6830
6916
6964
6971
6972
6973
6978
6979
6989
6992
7019
7028
7039
7042
7074
7078
7080
7082
7083
7086
7142
7143
7144
7146
7149
7150
7151
7154
7156
7164
7212
7220
7222
7227
7242
7245
7305
7312
7355
7357
7368
7379
7380
7393
7394
7401
7405
7406
7412
7413
7416
7418
7419
7424
7616
7680
7958
7960
7966
7968
8006
8008
8014
8016
8024
8025
8026
8027
8028
8029
8030
8031
8062
8064
8117
8118
8133
8134
8148
8150
8156
8157
8176
8178
8181
8182
8191
8192
8203
8208
8232
8239
8288
8304
8306
8308
8335
8336
8349
8352
8385
8448
8588
8592
9255
9280
9291
9312
11124
11126
11158
11159
11503
11506
11508
11513
11558
11559
11560
11565
11566
11568
11624
11631
11633
11648
11671
11680
11687
11688
11695
11696
11703
11704
11711
11712
11719
11720
11727
11728
11735
11736
11743
11776
11870
11904
11930
11931
12020
12032
12246
12272
12284
12288
12330
12336
12352
12353
12439
12443
12544
12549
12592
12593
12687
12688
12772
12784
12831
12832
42125
42128
42183
42192
42540
42560
42607
42611
42612
42622
42654
42656
42736
42738
42744
42752
42955
42960
42962
42963
42964
42965
42970
42994
43010
43011
43014
43015
43019
43020
43045
43047
43052
43056
43066
43072
43128
43136
43204
43214
43226
43250
43263
43264
43302
43310
43335
43346
43348
43359
43389
43395
43443
43444
43446
43450
43452
43454
43470
43471
43482
43486
43493
43494
43519
43520
43561
43567
43569
43571
43573
43584
43587
43588
43596
43597
43598
43600
43610
43612
43644
43645
43696
43697
43698
43701
43703
43705
43710
43712
43713
43714
43715
43739
43756
43758
43766
43777
43783
43785
43791
43793
43799
43808
43815
43816
43823
43824
43884
43888
44005
44006
44008
44009
44013
44016
44026
44032
55204
55216
55239
55243
55292
63744
64110
64112
64218
64256
64263
64275
64280
64285
64286
64287
64311
64312
64317
64318
64319
64320
64322
64323
64325
64326
64451
64467
64912
64914
64968
64975
64976
65008
65024
65040
65050
65072
65107
65108
65127
65128
65132
65136
65141
65142
65277
65281
65438
65440
65471
65474
65480
65482
65488
65490
65496
65498
65501
65504
65511
65512
65519
65532
65534
65536
65548
65549
65575
65576
65595
65596
65598
65599
65614
65616
65630
65664
65787
65792
65795
65799
65844
65847
65935
65936
65949
65952
65953
66000
66045
66176
66205
66208
66257
66273
66300
66304
66340
66349
66379
66384
66422
66432
66462
66463
66500
66504
66518
66560
66718
66720
66730
66736
66772
66776
66812
66816
66856
66864
66916
66927
66939
66940
66955
66956
66963
66964
66966
66967
66978
66979
66994
66995
67002
67003
67005
67072
67383
67392
67414
67424
67432
67456
67462
67463
67505
67506
67515
67584
67590
67592
67593
67594
67638
67639
67641
67644
67645
67647
67670
67671
67743
67751
67760
67808
67827
67828
67830
67835
67868
67871
67898
67903
67904
67968
68024
68028
68048
68050
68097
68112
68116
68117
68120
68121
68150
68160
68169
68176
68185
68192
68256
68288
68325
68331
68343
68352
68406
68409
68438
68440
68467
68472
