3527
3530
3531
3535
3541
3542
3543
3544
3552
3558
3568
3570
3572
3585
3643
3648
3663
3664
3674
3713
3715
3716
3717
3718
3723
3724
3748
3749
3750
3751
3774
3776
3781
3782
3783
3784
3790
3792
3802
3804
3808
3840
3841
3864
3866
3872
3882
3893
3894
3895
3896
3897
3912
3913
3949
3953
3973
3974
3992
3993
4029
4038
4039
4096
4172
4176
4254
4256
4294
4295
4296
4301
4302
4304
4347
4348
4681
4682
4686
4688
4695
4696
4697
4698
4702
4704
4745
4746
4750
4752
4785
4786
4790
4792
4799
4800
4801
4802
4806
4808
4823
4824
4881
4882
4886
4888
4955
4957
4960
4962
4963
4967
4969
4992
5008
5024
5110
5112
5118
5121
5741
5742
5789
5792
5867
5870
5881
5888
5910
5919
5943
5952
5972
5984
5997
5998
6001
6002
6004
6016
6100
6103
6104
6108
6110
6112
6122
6146
6148
6152
6154
6155
6170
6176
6265
6272
6315
6320
6390
6400
6431
6432
6444
6448
6460
6468
6510
6512
6517
6528
6572
6576
6602
6608
6618
6656
6684
6688
6751
6752
6781
6783
6794
6800
6810
6823
6828
6832
6863
6912
6989
6992
7004
7006
7008
7019
7028
7037
7039
7040
7156
7168
7224
7227
7229
7232
7242
7245
7305
7312
7355
7357
7360
7376
7379
7380
7419
7424
7958
7960
7966
7968
8006
8008
8014
8016
8024
8025
8026
8027
8028
8029
8030
8031
8062
8064
8117
8118
8125
8126
8127
8130
8133
8134
8141
8144
8148
8150
8156
8160
8173
8178
8181
8182
8189
8192
8208
8211
8213
8216
8224
8228
8229
8232
8240
8249
8251
8252
8254
8261
8266
8287
8293
8294
8304
8305
8306
8317
8320
8333
8335
8336
8349
8400
8433
8450
8451
8455
8456
8458
8468
8469
8470
8473
8478
8484
8485
8486
8487
8488
8489
8490
8494
8495
8506
8508
8512
8517
8522
8526
8527
8544
8585
8968
8972
9001
9003
9398
9450
10075
10081
10088
10102
10181
10183
10214
10224
10627
10649
10712
10716
10748
10750
11264
11493
11499
11508
11520
11558
11559
11560
11565
11566
11568
11624
11631
11632
11647
11671
11680
11687
11688
11695
11696
11703
11704
11711
11712
11719
11720
11727
11728
11735
11736
11743
11744
11790
11804
11806
11808
11818
11822
11824
11836
11837
11842
11843
11859
11869
12288
12291
12293
12306
12308
12316
12317
12320
12321
12336
12337
12342
12344
12349
12353
12439
12441
12443
12445
12448
12449
12539
12540
12544
12549
12592
12593
12687
12704
12736
12784
12800
13312
19904
19968
42125
42192
42238
42239
42509
42510
42540
42560
42611
42612
42622
42623
42738
42739
42740
42743
42744
42775
42784
42786
42889
42891
42955
42960
42962
42963
42964
42965
42970
42994
43048
43052
43053
43072
43124
43126
43128
43136
43206
43214
43226
43232
43256
43259
43260
43261
43310
43311
43348
43360
43389
43392
43457
43464
43466
43471
43482
43488
43519
43520
43575
43584
43598
43600
43610
43613
43639
43642
43715
43739
43742
43744
43767
43777
43783
43785
43791
43793
43799
43808
43815
43816
43823
43824
43867
43868
43882
43888
44014
44016
44026
44032
55204
55216
55239
55243
55292
63744
64110
64112
64218
64256
64263
64275
64280
64285
64297
64298
64311
64312
64317
64318
64319
64320
64322
64323
64325
64326
64434
64467
64832
64848
64912
64914
64968
65008
65020
65024
65042
65043
65044
65047
65049
65056
65072
65073
65075
65077
65093
65095
65097
65104
65107
65109
65119
65123
65124
65136
65141
65142
65277
65279
65280
65281
65282
65288
65290
65292
65295
65296
65307
65311
65312
65313
65340
65341
65342
65345
65372
65373
65374
65375
65381
65382
65471
65474
65480
65482
65488
65490
65496
65498
65501
65529
65532
65536
65548
65549
65575
65576
65595
65596
65598
65599
65614
65616
65630
65664
65787
65856
65909
66045
66046
66176
66205
66208
66257
66272
66273
66304
66336
66349
66379
66384
66427
66432
66462
66464
66500
66504
66512
66513
66518
66560
66718
66720
66730
66736
66772
66776
66812
66816
66856
66864
66916
66928
66939
66940
66955
66956
66963
66964
66966
66967
66978
66979
66994
66995
67002
67003
67005
67072
67383
67392
67414
67424
67432
67456
67462
67463
67505
67506
67515
67584
67590
67592
67593
67594
67638
67639
67641
67644
67645
67647
67670
67680
67703
67712
67743
67808
67827
67828
67830
67840
67862
67872
67898
67968
68024
68030
68032
68096
68100
68101
68103
68108
68116
68117
68120
68121
68150
68152
68155
68159
68160
68182
68184
68192
68221
68224
68253
68288
68296
68297
68327
68352
68406
68416
68438
68448
68467
68480
68498
68608
68681
68736
68787
68800
68851
68864
68904
68912
68922
69248
69290
69291
69293
69296
69298
69376
69405
69415
69416
69424
69457
69461
69466
69488
69514
69552
69573
69600
69623
69632
69705
69734
69750
69759
69819
69821
69827
69837
69838
69840
69865
69872
69882
69888
69941
69942
69952
69953
69960
69968
70004
70006
70007
70016
70087
70089
70107
70108
70109
70110
70112
70144
70162
70163
70202
70203
70205
70206
70207
70272
70279
70280
70281
70282
70286
70287
70302
70303
70314
70320
70379
70384
70394
70400
70404
70405
70413
70415
70417
70419
70441
70442
70449
70450
70452
70453
70458
70459
70469
70471
70473
70475
70478
70480
70481
70487
70488
70493
70500
70502
70509
70512
70517
70656
70733
70736
70746
70750
70754
70784
70854
70855
70856
70864
70874
71040
71094
71096
71105
71106
71108
71113
71134
71168
71235
71236
71237
71248
71258
71296
71353
71360
71370
71424
71451
71453
71468
71472
71482
71484
71487
71488
71495
71680
71739
71840
71914
71935
71943
71945
71946
71948
71956
71957
71959
71960
71990
71991
71993
71995
72005
72006
72007
72016
72026
72096
72104
72106
72152
72154
72162
72163
72165
72192
72255
72258
72260
72263
72264
72272
72346
72347
72350
72368
72441
72704
72713
72714
72759
72760
72771
72784
72794
72818
72848
72850
72872
72873
72887
72960
72967
72968
72970
72971
73015
73018
73019
73020
73022
73023
73032
73040
73050
73056
73062
73063
73065
73066
73103
73104
73106
73107
73113
73120
73130
73440
73465
73648
73649
73728
74650
74752
74863
74880
75076
77712
77809
77824
78895
78896
78905
82944
83527
92160
92729
92736
92767
92768
92778
92782
92863
92864
