4790
4792
4799
4800
4801
4802
4806
4808
4823
4824
4881
4882
4886
4888
4955
4960
4989
4992
5018
5024
5110
5112
5118
5120
5789
5792
5881
5888
5906
5909
5910
5919
5938
5940
5943
5952
5970
5984
5997
5998
6001
6016
6068
6070
6071
6078
6086
6087
6089
6100
6109
6112
6122
6128
6138
6144
6155
6160
6170
6176
6265
6272
6277
6279
6313
6314
6315
6320
6390
6400
6431
6435
6439
6441
6444
6448
6450
6451
6457
6464
6465
6468
6510
6512
6517
6528
6572
6576
6602
6608
6619
6622
6679
6681
6683
6686
6742
6743
6744
6753
6754
6755
6757
6765
6771
6784
6794
6800
6810
6816
6830
6916
6964
6971
6972
6973
6978
6979
6989
6992
7019
7028
7039
7042
7074
7078
7080
7082
7083
7086
7142
7143
7144
7146
7149
7150
7151
7154
7156
7164
7212
7220
7222
7227
7242
7245
7305
7312
7355
7357
7368
7379
7380
7393
7394
7401
7405
7406
7412
7413
7416
7418
7419
7424
7616
7680
7958
7960
7966
7968
8006
8008
8014
8016
8024
8025
8026
8027
8028
8029
8030
8031
8062
8064
8117
8118
8133
8134
8148
8150
8156
8157
8176
8178
8181
8182
8191
8192
8203
8208
8232
8239
8288
8304
8306
8308
8335
8336
8349
8352
8385
8448
8588
8592
9255
9280
9291
9312
11124
11126
11158
11159
11503
11506
11508
11513
11558
11559
11560
11565
11566
11568
11624
11631
11633
11648
11671
11680
11687
11688
11695
11696
11703
11704
11711
11712
11719
11720
11727
11728
11735
11736
11743
11776
11870
11904
11930
11931
12020
12032
12246
12272
12284
12288
12330
12336
12352
12353
12439
12443
12544
12549
12592
12593
12687
12688
12772
12784
12831
12832
42125
42128
42183
42192
42540
42560
42607
42611
42612
42622
42654
42656
42736
42738
42744
42752
42955
42960
42962
42963
42964
42965
42970
42994
43010
43011
43014
43015
43019
43020
43045
43047
43052
43056
43066
43072
43128
43136
43204
43214
43226
43250
43263
43264
43302
43310
43335
43346
43348
43359
43389
43395
43443
43444
43446
43450
43452
43454
43470
43471
43482
43486
43493
43494
43519
43520
43561
43567
43569
43571
43573
43584
43587
43588
43596
43597
43598
43600
43610
43612
43644
43645
43696
43697
43698
43701
43703
43705
43710
43712
43713
43714
43715
43739
43756
43758
43766
43777
43783
43785
43791
43793
43799
43808
43815
43816
43823
43824
43884
43888
44005
44006
44008
44009
44013
44016
44026
44032
55204
55216
55239
55243
55292
63744
64110
64112
64218
64256
64263
64275
64280
64285
64286
64287
64311
64312
64317
64318
64319
64320
64322
64323
64325
64326
64451
64467
64912
64914
64968
64975
64976
65008
65024
65040
65050
65072
65107
65108
65127
65128
65132
65136
65141
65142
65277
65281
65438
65440
65471
65474
65480
65482
65488
65490
65496
65498
65501
65504
65511
65512
65519
65532
65534
65536
65548
65549
65575
65576
65595
65596
65598
65599
65614
65616
65630
65664
65787
65792
65795
65799
65844
65847
65935
65936
65949
65952
65953
66000
66045
66176
66205
66208
66257
66273
66300
66304
66340
66349
66379
66384
66422
66432
66462
66463
66500
66504
66518
66560
66718
66720
66730
66736
66772
66776
66812
66816
66856
66864
66916
66927
66939
66940
66955
66956
66963
66964
66966
66967
66978
66979
66994
66995
67002
67003
67005
67072
67383
67392
67414
67424
67432
67456
67462
67463
67505
67506
67515
67584
67590
67592
67593
67594
67638
67639
67641
67644
67645
67647
67670
67671
67743
67751
67760
67808
67827
67828
67830
67835
67868
67871
67898
67903
67904
67968
68024
68028
68048
68050
68097
68112
68116
68117
68120
68121
68150
68160
68169
68176
68185
68192
68256
68288
68325
68331
68343
68352
68406
68409
68438
68440
68467
68472
68498
68505
68509
68521
68528
68608
68681
68736
68787
68800
68851
68858
68900
68912
68922
69216
69247
69248
69290
69293
69294
69296
69298
69376
69416
69424
69446
69457
69466
69488
69506
69510
69514
69552
69580
69600
69623
69632
69633
69634
69688
69703
69710
69714
69744
69745
69747
69749
69750
69762
69811
69815
69817
69819
69821
69822
69826
69840
69865
69872
69882
69891
69927
69932
69933
69942
69960
69968
70003
70004
70007
70018
70070
70079
70089
70093
70095
70096
70112
70113
70133
70144
70162
70163
70191
70194
70196
70197
70198
70200
70206
70207
70209
70272
70279
70280
70281
70282
70286
70287
70302
70303
70314
70320
70367
70368
70371
70384
70394
70402
70404
70405
70413
70415
70417
70419
70441
70442
70449
70450
70452
70453
70458
70461
70462
70463
70464
70465
70469
70471
70473
70475
70478
70480
70481
70493
70500
70656
70712
70720
70722
70725
70726
70727
70748
70749
70750
70751
70754
70784
70832
70833
70835
70841
70842
70843
70845
70846
70847
70849
70850
70852
70856
70864
70874
71040
71087
71088
71090
71096
71100
71102
71103
71105
71132
71168
71219
71227
71229
71230
71231
71233
71237
71248
71258
71264
71277
71296
71339
71340
71341
71342
71344
71350
71351
71352
71354
71360
71370
71424
71451
71456
71458
71462
71463
71472
71495
71680
71727
71736
71737
71739
71740
71840
71923
71935
71943
71945
71946
71948
71956
71957
71959
71960
71984
71985
71990
71991
71993
71997
71998
71999
72003
72004
72007
72016
72026
72096
72104
72106
72148
72156
72160
72161
72165
72192
72193
72203
72243
72249
72251
72255
72263
72272
72273
72279
72281
72284
72330
72343
72344
72346
72355
72368
72441
72448
72458
72704
72713
72714
72752
72766
72767
72768
72774
72784
72813
72816
72848
72873
72874
72881
72882
72884
72885
72960
72967
72968
72970
72971
73009
73030
73031
73040
73050
73056
73062
73063
73065
73066
73103
73107
73109
73110
73111
73112
73113
73120
73130
73440
73459
73461
73465
73474
73489
73490
73526
73534
73536
73537
73538
73539
73562
73648
73649
73664
73714
73727
74650
74752
74863
74864
74869
74880
75076
77712
77811
77824
78896
78913
78919
82944
83527
92160
92729
92736
92767
92768
92778
92782
92863
92864
92874
92880
92910
92917
92918
92928
92976
92983
92998
93008
93018
93019
93026
93027
93048
93053
93072
93760
93851
93952
94027
94032
94088
94099
94112
94176
94180
94192
94194
94208
100344
100352
101590
101632
101641
110576
110580
110581
110588
110589
110591
110592
110883
110898
110899
110928
